63
34133, 33333 -3413311, 1. -ι 24,154‚ 3313 - 34133,
33,13-34,133, 13343 - 34333, 333
3333, 33343, 4333, 33333 - 3333 m. 1.
27,118 m. 1. - 33,113 m. 1.

33311, 13333 - 33314, 3314, 13333- 33333, 33133 -
- 33333, 13334 -- 33333, 34333 - 33333 m. 1. -- 33334,
33333

3333-3333

, 33333, 13333, 43333 - 33333, 33313 ‘- 33333,
33334 - 33333, 43333 - 33331, 1333, 3333, 3333

3331313333 - 33313, 33333 - 33313, 333 -
33313, 14333 - 33333,14333,13334,13,133 - 33331,
13313 - 33334 m. 1. - 33333, 33343, 4333, 3333 -
33333, 14,433»- 33333, 333,14,433,3,113(3,314,14343) -
33341, 14333

33333, 14333 - 33334 m. 1. - 33334, 333, 4433 -
33333, 13343

31343, 1333, 1433 - 31343, 1333, 43343
33333, 33343

34333, 43133 - 34333, 33333 - 34344, 43333

33333, 4333, 33333 - 33343, 3333, 4333, 33333 -
33333, 3333, 3341, 3333, 14343 - 33333, 4333, 33333

43343331 - 4334113111 - 43343, 1333, 333,
13333, 43331 - 43343, 31331 - 43343, 1333, 31343 -
43343, 4433, 4333 - 43333, 3333, 43333 - 43333, 3334,
4333 - 43331, 41333

4333, 4333, 131, 433 - 433313344 - 4333 m. 1. -
4333, 3333, 33333, 33343 -- 43,33,43,33,43,131 - 4333,
11334, 14333 -43,131, 4333, 4333, 433 - 43331, 1133,
14313, 33333 ’

 

