64

44999, 44949 - 44999 m. 1. - 44949, 44999 -
44949, 94999 - 43‚315, 18,199 - 43,316, 44949 - 44949,
4499, 4499 m. 4.

44994 9449, 4444, 44499 - 44999, 44994, 94499,
44444 4499, 44999 - 44994, 44999, 499 .

4449, 4444, 44499 -- 4494 44949, 4499 - 4499,
499 - 4499, 499, 94994 sim, m. 1. - 4499, 44499

4449-4494

44444999-4ω4499ῃ944ω4
44-949999ῳΉη-94ῃ449
-444ω99-444444-9494
-4944-9499

44999, 44949 - 44999, 4499 - 44999, 4494 44999
- 44999 m. 1.

44499, 4499 - 4444444999- 44444, 44994, 44949,
4944, 44999 - 44449, 9499 - 44449, 44999, 44499 -
44494, 4499, 4499 - 44499, 9449 - 44499, 44999 m. 1.
- 44494 449-9 - 44444, 44444, 44994 - 44449, 4494 -
44499, 449 - 44499, 9449, 4444

444, 44999 - 4444, 9949, 44499 (44999) - 4444
4999, 44494 -- 4449, 499 - 4499, 44494, 94444 - 4494
m. 4. - 4494 4499, 44494 - 4499, 44494 m. 1. - 4494
4494

44499, 4999, 4449 - 44494, 44949 - 44494,
94499, 949

44999, 44449 - 44999, 44994, 49449, 4499, 94499, x
44999 - 44999, 94499 - 44999, 94444 - 44994, 44499,
499 - 44994, 4499

44499, 9499, 94999, 94499 - 44499, 94999 - 44499,
4499, 4499, 44999 - 44494, 9449, 94499 - 44499, 4499

44999, 4499, 4499, 44499 - 44999, 44499, 94999 -
44994 444 - 44999, 494

 

