 

-. .- 61-- -,

12,5555,51,15,149 - 12551, 595 - 12552, 5114,
21514 - 12555, 14559, 14251, 9125, 1555511541 .-
12554, 21522 - 12555151 - 12555, 4554 15151, 25249
- 12554 m. 1. - 1255414595 29525 19195 - 12555,
15159 19191

13,.136111 1.-13,1,39 20,12
14,,504 21,1,8317,115,18,52,43,390,47,729-13,1501111.

14,,25 9155 45195 45-959 1429, 25-255 1455
1555, 51541 - 1455 41154

- 14,214, 15555 - 1451415145 15551 - (14255
151.) - 14515, 1155, 25215, 45151 - 14511, 15551,
45114, 14254, 9555 - 14551, 11554, 4591 -14555,
9125, 11555 - 14545, 1,155, 1541, 9122, 55559 -- 14551,
91251555514559, 12555, 11541

mffiwffl-mmssffi-mmmamm
-mmssm-mmmffi-mmmffl-
mffifflmfflfflfflQm-mwfflffl-
lfflfflfflfflfflffl-Mfflssfflffl*mffifflssffi-
1555555555545555

14551, 29522 - 1455529519 - 14595, 29525
12554, 19195 - 14594, 29551 - 14455 25255 - 14451
,, 551. - 14452, 5545, 9111, 14545, 29559 - 14454
25111, 4152 - 14495, 24155, 225

1554 15452, 4515 - 1555, 551 - 1551, 55515259,
45591, 45242 - 1559, 4155, 45121 - 1555, 1455, 51541
- 1555, 51545, 45245 - 1559, 9155, 25521, 5122 -
15195 m. 1. -15159, 1512545559 - 1512525522 -
15,,121 21511 15,,129 29215 -,,15151 45 24 12555 -
15141 555 15 259 45 191 (15 51 45 242) 11511,44 4555

, 1555515125, 19551, 45119
15192, 1554, 4515

11115, 514 - 11115, 1555421155, 1552, 45595
41129 - 11111, 29521

 

